range <-
structure(list(ebt_5 = c(0.75, 0.8), rbd_3 = c(0.65, 0.75), tstt_1 = c(0.6, 
0.65), ibt_6 = c(0.8, 0.85), br_8 = c(0.6, 0.65)), .Names = c("ebt_5", 
"rbd_3", "tstt_1", "ibt_6", "br_8"))
v <-
structure(c(55, 191), .Names = c("min", "max"))
target <-
c(136.6, 143.4)
tms <-
136
